1	0	-10.6312	-76.5	0	-9.45	-54	3.6
2	0	 10.6312	-76.5	0	 9.45	-54	3.6
3	-10.6312	0	-76.5	-9.45	 0	-54	3.6
4	 10.6312	0	-76.5	 9.45	 0	-54	3.6							
5	0	-10.6312	-103.5	0	-10.6312	-77.4	3.6
6	0	 10.6312	-103.5	0	 10.6312	-77.4	3.6
7	-10.6312	0	-103.5	-10.6312	0	-77.4	3.6
8	 10.6312	0	-103.5	 10.6312	0	-77.4	3.6
							
9	0	-10.6312	-130.5	0	-10.6312	-104.4	3.6
10	0	 10.6312	-130.5	0	 10.6312	-104.4	3.6
11	-10.6312	0	-130.5	-10.6312	0	-104.4	3.6
12	 10.6312	0	-130.5	 10.6312	0	-104.4	3.6							
13	0	-10.6312	-157.5	0	-10.6312	-131.4	3.6
14	0	 10.6312	-157.5	0	 10.6312	-131.4	3.6
15	-10.6312	0	-157.5	-10.6312	0	-131.4	3.6
16	 10.6312	0	-157.5	 10.6312	0	-131.4	3.6							
17	0	-10.6312	-185.4	0	-10.6312	-158.4	3.6
18	0	 10.6312	-185.4	0	 10.6312	-158.4	3.6
19	-10.6312	0	-185.4	-10.6312	0	-158.4	3.6
20	 10.6312	0	-185.4	 10.6312	0	-158.4	3.6						
21	 1.27279	-9.35846	-97.9074	 9.35846	-1.27279	-83.1051	1.8
22	 9.35846	-1.27279	-98.5871	 1.27279	-9.35846	-83.1003	1.8
23	-9.35846	-1.27279	-97.8939	-1.27279	-9.35846	-83.0061	1.8
24	-1.27279	-9.35846	-97.8939	-9.35846	-1.27279	-83.0061	1.8
25	 9.35846	 1.27279	-98.6007	 1.27279	 9.35846	-83.1994	1.8
26	 1.27279	 9.35846	-98.6007	 9.35846	 1.27279	-83.1994	1.8
27	-1.27279	 9.35846	-98.5871	-9.35846	 1.27279	-83.1003	1.8
28	-9.35846	 1.27279	-97.9074	-1.27279	 9.35846	-83.1051	1.8							
29	 1.27279	-9.35846	-124.907	 9.35846	-1.27279	-110.105	1.8
30	 9.35846	-1.27279	-125.587	 1.27279	-9.35846	-110.1  	1.8
31	-9.35846	-1.27279	-124.894	-1.27279	-9.35846	-110.006	1.8
32	-1.27279	-9.35846	-124.894	-9.35846	-1.27279	-110.006	1.8
33	 9.35846	 1.27279	-125.601	 1.27279	 9.35846	-110.199	1.8
34	 1.27279	 9.35846	-125.601	 9.35846	 1.27279	-110.199	1.8
35	-1.27279	 9.35846	-125.587	-9.35846	 1.27279	-110.1	        1.8
36	-9.35846	 1.27279	-124.907	-1.27279	 9.35846	-110.105	1.8							
37	 1.27279	-9.35846	-151.907	 9.35846	-1.27279	-137.105	1.8
38	 9.35846	-1.27279	-152.587	 1.27279	-9.35846	-137.1   	1.8
39	-9.35846	-1.27279	-151.894	-1.27279	-9.35846	-137.006	1.8
40	-1.27279	-9.35846	-151.894	-9.35846	-1.27279	-137.006	1.8
41	 9.35846	 1.27279	-152.601	 1.27279	 9.35846	-137.199	1.8
42	 1.27279	 9.35846	-152.601	 9.35846	 1.27279	-137.199	1.8
45	-1.27279	 9.35846	-152.587	-9.35846	 1.27279	-137.1  	1.8
44	-9.35846	 1.27279	-151.907	-1.27279	 9.35846	-137.105	1.8

