1  0	  -14.175     -76.5    1
1  14.175	0     -76.5    1
1 -14.175	0     -76.5    1
1  0	   14.175     -76.5    1
2  0	  -14.175     -77.4    0
2  14.175	0     -77.4    0
2 -14.175	0     -77.4    0
2  0	   14.175     -77.4    0
3  0	  -14.175    -103.5    1
3  14.175	0    -103.5    1
3 -14.175	0    -103.5    1
3  0 	   14.175    -103.5    1
4  0	  -14.175    -104.4    0
4  14.175	0    -104.4    0
4 -14.175	0    -104.4    0
4  0	   14.175    -104.4    0
5  0	  -14.175    -130.5    1
5  14.175	0    -130.5    1
5 -14.175	0    -130.5    1
5  0	   14.175    -130.5    1
6  0	  -14.175    -131.4    0
6  14.175	0    -131.4    0
6 -14.175	0    -131.4    0
6  0	   14.175    -131.4    0
7  0	  -14.175    -157.5    1
7  14.175	0    -157.5    1
7 -14.175	0    -157.5    1
7  0	   14.175    -157.5    1
8  0	  -14.175    -158.4    0
8  14.175	0    -158.4    0
8 -14.175	0    -158.4    0
8  0	   14.175    -158.4    0

