1  0      -14.175       -77.4
1  0      -14.175       -76.5
1  14.175       0       -77.4
1  14.175       0       -76.5
2  14.175	0	-77.4
2  14.175	0       -76.5
2  0       14.175       -77.4
2  0       14.175	-76.5
3  0       14.175       -77.4
3  0       14.175       -76.5
3 -14.175       0       -77.4
3 -14.175       0       -76.5
4 -14.175       0       -77.4
4 -14.175       0       -76.5
4  0 	  -14.175	-77.4
4  0	  -14.175	-76.5
1  0      -14.175       -104.4
1  0      -14.175       -103.5
1  14.175       0       -104.4
1  14.175       0       -103.5
2  14.175	0	-104.4
2  14.175	0       -103.5
2  0       14.175       -104.4
2  0       14.175	-103.5
3  0       14.175       -104.4
3  0       14.175       -103.5
3 -14.175       0       -104.4
3 -14.175       0       -103.5
4 -14.175       0       -104.4
4 -14.175	0	-103.5
4  0 	  -14.175	-104.4
4  0	  -14.175	-103.5
1  0      -14.175       -131.4
1  0      -14.175       -130.5
1  14.175       0       -131.4
1  14.175       0       -130.5
2  14.175	0	-131.4
2  14.175	0       -130.5
2  0       14.175       -131.4
2  0       14.175	-130.5
3  0       14.175       -131.4
3  0       14.175       -130.5
3 -14.175       0       -131.4
3 -14.175       0       -130.5
4 -14.175       0       -131.4
4 -14.175	0	-130.5
4  0 	  -14.175	-131.4
4  0	  -14.175	-130.5
1  0      -14.175       -158.4
1  0      -14.175       -157.5
1  14.175       0       -158.4
1  14.175       0       -157.5
2  14.175	0	-158.4
2  14.175	0       -157.5
2  0       14.175       -158.4
2  0       14.175	-157.5
3  0       14.175       -158.4
3  0       14.175       -157.5
3 -14.175       0       -158.4
3 -14.175       0       -157.5
4 -14.175       0       -158.4
4 -14.175	0	-157.5
4  0 	  -14.175	-158.4
4  0	  -14.175	-157.5